ID	Lat	Lon
3824	47.76687501	-122.3468001
3814	47.76130447	-122.2512376
3857	47.75632505	-122.33545009999999
3818	47.75684519	-122.1514582
3813	47.74105157	-122.18827749999998
3784	47.71076249	-122.2073277
3816	47.75910928	-122.25944550000001
3767	47.74283823	-121.9850608
3897	47.67838303	-122.3180999
3812	47.71675696	-122.18820190000001
3802	47.6367115	-122.23793290000002
3805	47.63297501	-122.1356041
3809	47.62125823	-122.22839779999998
3803	47.61722572	-122.2110473
3798	47.5869414	-122.19017360000001
3893	47.58249446	-122.0363422
3800	47.58075463	-122.15205890000001
3820	47.5717124	-122.3648648
3797	47.56442742	-122.17051040000001
3795	47.5570661	-122.18884950000002
3793	47.58885848	-122.23152590000001
3788	47.48220004	-122.2690001
3790	47.47295973	-122.2136065
3895	47.54056369	-122.06213580000001
3826	47.4519	-122.46000009999999
3905	47.44356999	-122.1552298
3786	47.38494952	-122.24309140000001
3787	47.469291	-122.33810940000001
3757	47.38355765	-122.2340613
3861	47.36102575	-122.1659783
3810	47.42308358	-122.46101259999999
3789	47.39655764	-122.0449848
3779	47.28916911	-122.32229869999999
3783	47.35868759	-122.29854950000001
3883	47.52707263	-121.9373973
3879	47.54511785	-122.0193897
3781	47.3122079	-122.30148899999999
9	47.73071527	-122.33139240000001
10	47.72898117	-122.32681950000001
11	47.72866693	-122.31909240000002
12	47.72305572	-122.3153716
26	47.71689485	-122.31529350000001
27	47.71732991	-122.32125900000001
28	47.71709514	-122.3270267
29	47.71835935	-122.3332206
43	47.70868587	-122.35366670000002
44	47.70658867	-122.34680949999999
45	47.70718494	-122.34199309999998
5	47.73049875	-122.3429814
7	47.72594567	-122.34230349999999
16	47.72221248	-122.2995003
25	47.71581178	-122.3100462
30	47.7141189	-122.33671240000001
39	47.70225342	-122.3830481
41	47.70411515	-122.3634632
48	47.710007	-122.32015990000002
50	47.71031476	-122.3093472
55	47.70784507	-122.28289720000001
57	47.70144347	-122.28088500000001
64	47.69871585	-122.30830060000001
75	47.70325225	-122.34270009999999
80	47.69988905	-122.3573351
82	47.69636209	-122.3677872
89	47.69334469	-122.36333929999999
46	47.71011654	-122.33231529999999
60	47.70636564	-122.2999261
61	47.69925637	-122.29736329999999
62	47.70544887	-122.30366869999999
63	47.7056074	-122.30949869999999
76	47.69938595	-122.34296119999999
77	47.70325679	-122.3466041
78	47.69963585	-122.34653329999999
79	47.70139802	-122.3535499
93	47.69351533	-122.34174180000001
94	47.69323029	-122.3327602
95	47.69314675	-122.3260383
96	47.69316297	-122.3195149
111	47.68447862	-122.28745790000002
112	47.68844113	-122.2933462
113	47.68486019	-122.29323959999999
126	47.68470499	-122.3265886
127	47.68863166	-122.3327821
128	47.68503248	-122.3320142
129	47.68875987	-122.34158390000002
143	47.68873593	-122.37893079999999
146	47.68498703	-122.3854375
162	47.6813888	-122.3741376
163	47.67776768	-122.3743538
176	47.67713272	-122.32768290000001
178	47.68062241	-122.3223534
179	47.68070205	-122.31856289999999
180	47.67766736	-122.3189173
193	47.68133751	-122.28287069999999
195	47.68122001	-122.27702009999999
196	47.67743887	-122.2767629
210	47.67396472	-122.2933388
211	47.67032964	-122.29321429999999
212	47.67396106	-122.2985362
213	47.66984045	-122.2984525
227	47.67391935	-122.3328075
228	47.66994973	-122.33382420000001
229	47.67113654	-122.3382869
243	47.674201000000004	-122.38554209999998
244	47.67013705	-122.38540590000001
245	47.67414458	-122.3897601
246	47.67020527	-122.39000459999998
260	47.66650963	-122.3681705
261	47.66340707	-122.36777749999999
1	47.72659487	-122.36679050000001
3	47.73123802	-122.35027029999999
18	47.72353395	-122.2947382
19	47.73011763	-122.2897159
20	47.72230656	-122.2901334
21	47.71190331	-122.2791272
34	47.72137856	-122.3533956
35	47.71557122	-122.3529297
36	47.7211729	-122.3578186
37	47.71547262	-122.3575977
51	47.71074915	-122.30258970000001
52	47.71012464	-122.29938119999998
98	47.69184768	-122.3092081
100	47.69444448	-122.30077849999999
105	47.68272876	-122.2597291
107	47.68619444	-122.27531189999999
109	47.68448816	-122.2820108
114	47.68819704	-122.2986159
116	47.68838639	-122.304138
125	47.68899872	-122.3244264
134	47.6851185	-122.3531395
139	47.68878224	-122.36870400000001
141	47.68906224	-122.3746669
148	47.68494845	-122.38969669999999
150	47.68491572	-122.39670690000001
159	47.67784597	-122.3851048
164	47.68140481	-122.36874540000001
166	47.68139836	-122.36326559999999
173	47.677913700000005	-122.34783940000001
182	47.67761544	-122.31510120000002
184	47.67760975	-122.3092892
189	47.68122939	-122.29313400000001
191	47.68126686	-122.2883
54	47.70913256	-122.28823590000002
68	47.69858164	-122.31963770000002
69	47.70589419	-122.3261325
70	47.69926878	-122.32610290000001
85	47.69576076	-122.3902436
86	47.69478263	-122.38218379999999
87	47.69308964	-122.3745952
101	47.69386532	-122.2924585
102	47.69348267	-122.28792109999999
103	47.69217273	-122.2758213
118	47.68802357	-122.3097315
119	47.68485973	-122.3094261
120	47.68766744	-122.3147898
121	47.68468613	-122.31370679999999
135	47.6889821	-122.35766090000001
136	47.68514036	-122.35742040000001
137	47.68910143	-122.3632955
138	47.68510649	-122.3633179
151	47.68845189	-122.399651
152	47.68006558	-122.4058446
153	47.68119642	-122.39724369999999
262	47.66675843	-122.3636324
263	47.6632395	-122.36349609999999
277	47.66690473	-122.3242365
278	47.66296320000001	-122.32559029999999
280	47.66279637	-122.3191047
293	47.66283141	-122.28841570000002
294	47.66546034	-122.28389969999999
295	47.66642459	-122.27760009999999
296	47.66304817	-122.2819125
297	47.65980651	-122.2713743
311	47.65912347	-122.33233059999999
312	47.6529826	-122.33240900000001
313	47.65886415	-122.3397236
327	47.65249768	-122.35720559999999
328	47.65924124	-122.36284029999999
344	47.65055014	-122.3972784
345	47.6496366	-122.4054509
346	47.64884562	-122.41351340000001
347	47.64075003	-122.4117956
360	47.64868972	-122.32450039999999
361	47.64881269	-122.32033829999999
362	47.64210543	-122.32763259999999
155	47.67768283	-122.3956725
168	47.68142928	-122.3571665
169	47.6776932	-122.3570821
170	47.68144496	-122.35363829999999
185	47.68122714	-122.30369509999998
186	47.67683247	-122.3037138
201	47.67362628	-122.26138970000001
202	47.66902223	-122.26579440000002
204	47.67389477	-122.275517
218	47.67396062	-122.31534189999999
219	47.66992547	-122.3142929
220	47.67437441	-122.31852009999999
221	47.67060473	-122.31924340000002
235	47.67449353	-122.3635124
237	47.6741798	-122.3687399
252	47.66726929	-122.39524080000001
253	47.66787724	-122.3899841
254	47.66724956	-122.384005
198	47.67757173	-122.2715882
200	47.67746707	-122.2655304
207	47.66985256	-122.2825129
209	47.67032719	-122.2875293
214	47.67407506	-122.303472
223	47.67051761	-122.324146
232	47.66820818	-122.3522176
234	47.67051335	-122.3569091
239	47.67418318	-122.37502279999998
241	47.67420161	-122.37861509999999
248	47.66978489	-122.39567509999999
250	47.66970443	-122.40064009999999
257	47.66336676	-122.3791334
259	47.66252888	-122.37349760000001
264	47.66695932	-122.35770819999999
266	47.66387062	-122.35554109999998
273	47.6628217	-122.3357899
275	47.6627261	-122.3306662
282	47.66275495	-122.3139241
284	47.66276858	-122.30922
289	47.66315837	-122.29817959999998
291	47.66343276	-122.29320200000001
298	47.65984536	-122.2783722
363	47.64390248	-122.32462520000001
377	47.63477489	-122.30432720000002
378	47.6350903	-122.31158020000001
379	47.63694115	-122.3172342
380	47.63136943	-122.31861740000001
394	47.62901024	-122.3744622
395	47.63196878	-122.3727418
396	47.63008545	-122.3661348
397	47.63094778	-122.3589759
410	47.62878261	-122.30991350000001
412	47.62843788	-122.3004244
413	47.62682046	-122.2970647
414	47.62641054	-122.28898259999998
427	47.62248198	-122.32248
428	47.62465749	-122.32604040000001
429	47.62033759	-122.3262216
430	47.62353339	-122.3317393
444	47.62188091	-122.36340609999999
446	47.61711361	-122.3561213
447	47.61757603	-122.3546875
462	47.61597195	-122.3459509
463	47.61663633	-122.3450888
464	47.61731345	-122.34423819999999
255	47.66386196	-122.38346409999998
268	47.66357966	-122.3486447
269	47.6639227	-122.3448719
270	47.66289165	-122.3428203
271	47.66686541	-122.3369106
285	47.66703198	-122.3033007
286	47.66306615	-122.30509550000001
287	47.66425825	-122.3019855
288	47.66734828	-122.2983803
304	47.65875183	-122.31488940000001
305	47.65488179	-122.3151346
318	47.65062637	-122.3446393
319	47.65996073	-122.34864109999998
321	47.65010243	-122.3486243
322	47.65993416	-122.35273059999999
336	47.6538885	-122.3683414
337	47.64921971	-122.354947
338	47.64829594	-122.3576749
352	47.64453935	-122.37364050000001
353	47.64275515	-122.36841729999999
354	47.64179101	-122.3630055
355	47.64278778	-122.35741540000001
307	47.65855246	-122.31994070000002
309	47.65933774	-122.3256926
314	47.65241733	-122.34037240000002
316	47.65869207	-122.3448356
323	47.65593526	-122.352723
325	47.65982581	-122.3579777
334	47.65708914	-122.392725
339	47.65143151	-122.3689728
341	47.65184122	-122.3739158
348	47.64160086	-122.4052213
350	47.64499707	-122.38767299999999
357	47.64121654	-122.35115390000001
359	47.64304054	-122.34344509999998
366	47.63995172	-122.3130558
368	47.64590002	-122.30593119999999
373	47.6377276	-122.28100490000001
375	47.63314223	-122.30005619999999
382	47.63636115	-122.3243314
384	47.63521358	-122.3415567
389	47.63839399	-122.3745446
391	47.63826351	-122.3901685
393	47.63663177	-122.4013373
370	47.64189278	-122.3003639
371	47.63571183	-122.29575259999999
372	47.6339403	-122.28940209999999
385	47.635678600000006	-122.34850349999999
386	47.63607905	-122.35508540000001
388	47.63652023	-122.3685624
402	47.62668554	-122.3469794
403	47.62801777	-122.34185719999999
405	47.62922732	-122.33163559999998
419	47.62282264	-122.2936618
420	47.62393338	-122.29735990000002
421	47.62126376	-122.29777820000001
422	47.62207557	-122.30081940000001
435	47.62029899	-122.3410425
437	47.62050752	-122.3453241
438	47.62195116	-122.3511732
439	47.61928931	-122.34850949999999
452	47.61574982	-122.35152520000001
453	47.61641468	-122.35066599999999
454	47.61707907	-122.3498061
455	47.61770968	-122.3489017
469	47.61286536	-122.34470390000001
479	47.60949625	-122.34280690000001
480	47.61063633	-122.3428763
494	47.614810299999995	-122.3341227
495	47.61580007	-122.332502
496	47.61660605	-122.3312533
497	47.61760244	-122.33030409999999
511	47.60840929	-122.3373371
512	47.60887349	-122.3362267
514	47.60980202	-122.3340057
527	47.60430193	-122.3366892
528	47.60476644	-122.33557959999999
529	47.60523094	-122.3344697
530	47.60569462	-122.3333595
531	47.60615927	-122.3322493
545	47.60225629	-122.3286062
546	47.60246829	-122.32733780000001
547	47.61787545	-122.3271419
561	47.61469114	-122.2926991
562	47.61470064	-122.29942659999999
563	47.61581429	-122.3048939
577	47.607223700000006	-122.327844
400	47.62628316	-122.3548267
407	47.62779577	-122.32313719999999
409	47.62634215	-122.3146864
416	47.63302002	-122.2788933
418	47.62066054	-122.2877394
425	47.62209253	-122.3147372
432	47.62388823	-122.3363885
434	47.62355394	-122.3407608
441	47.62001596	-122.35497649999999
443	47.62082132	-122.35884309999999
448	47.61792739	-122.35293270000001
450	47.61445707	-122.35318970000002
457	47.61271625	-122.350177
459	47.61397681	-122.34852749999999
473	47.61559922	-122.34134350000001
475	47.61692796	-122.33963870000001
482	47.61196343	-122.34115159999999
484	47.6132972	-122.33942009999998
491	47.61798974	-122.3329358
493	47.6140447	-122.3354865
498	47.60944532	-122.3411246
500	47.61041987	-122.33916359999999
507	47.61425794	-122.3313503
470	47.61360137	-122.3439248
471	47.61426603	-122.34306509999999
472	47.61493221	-122.34219920000001
486	47.61455193	-122.33787009999999
487	47.61528716	-122.336854
488	47.61595144	-122.33599440000002
489	47.61661569	-122.33513590000001
502	47.61130226	-122.33694799999999
503	47.61176470000001	-122.3358362
504	47.61223063	-122.3347277
505	47.61269384	-122.33361709999998
519	47.60575575	-122.33797759999999
520	47.60621598	-122.3368628
521	47.60668017	-122.3357529
522	47.60714452	-122.3346424
536	47.60382462	-122.33319660000001
538	47.60475278	-122.3309755
539	47.60522741	-122.32979099999999
552	47.61648667	-122.3217402
553	47.61760683	-122.31971850000001
554	47.61762407	-122.3148213
555	47.61907731	-122.3106044
556	47.61650825	-122.31058970000001
569	47.61436104	-122.3280111
570	47.61276358	-122.3290791
580	47.60673106	-122.32429409999999
581	47.60983823	-122.32279240000001
594	47.60615164	-122.29344109999998
595	47.60298505	-122.29445259999999
596	47.60619635	-122.2994594
597	47.60297977	-122.2996146
611	47.60031371	-122.3324389
612	47.60115421	-122.330541
613	47.60045095	-122.32797839999999
614	47.60033501	-122.32519850000001
629	47.59671774	-122.32444240000001
630	47.59687707	-122.32837649999999
631	47.59627861	-122.3325728
644	47.59077539	-122.30011129999998
645	47.58599253	-122.30043810000001
647	47.5856529	-122.3065238
648	47.58817503	-122.3121553
661	47.58101965	-122.2947413
662	47.58185208	-122.2911605
663	47.5773565	-122.2847689
664	47.57506595	-122.28817930000001
678	47.58917461	-122.38453030000001
679	47.58312387	-122.3837142
680	47.58322811	-122.3895457
509	47.60761768	-122.3396759
516	47.61114994	-122.3322697
518	47.6053561	-122.3389374
523	47.60760917	-122.3335322
525	47.60900601	-122.3320129
532	47.60664471	-122.3310777
534	47.6027695	-122.33529440000001
541	47.60237402	-122.3318197
543	47.60329785	-122.32963079999999
550	47.61645611	-122.3250847
557	47.61897949	-122.3053949
559	47.61814257	-122.29305790000001
566	47.61358383	-122.31896509999999
573	47.60976103	-122.3270942
575	47.61051461	-122.32468270000001
591	47.60900838	-122.28382549999999
593	47.60275995	-122.28632379999999
598	47.6065044	-122.3052075
600	47.60670663	-122.31026329999999
602	47.60665764	-122.31487549999999
607	47.60471441	-122.32292620000001
609	47.60378839	-122.3242584
616	47.60040895	-122.3156057
571	47.61096131	-122.32864690000001
572	47.60883953	-122.3290112
586	47.61047158	-122.3101986
587	47.61045816	-122.3051596
588	47.61004747	-122.2995533
589	47.61045377	-122.292803
604	47.60653505	-122.3186615
605	47.6037888	-122.3183442
606	47.60617436	-122.32146599999999
619	47.60049292	-122.2996543
620	47.60039547	-122.2948308
621	47.59788932	-122.2890923
622	47.59778706	-122.29515479999999
637	47.59397977	-122.30802320000001
638	47.59375821	-122.3000845
639	47.59367916	-122.2957014
654	47.58588452	-122.3412791
656	47.58296153	-122.33162549999999
670	47.57567875	-122.3246561
671	47.57568504	-122.3316254
618	47.60048388	-122.305213
623	47.59770491	-122.3001466
625	47.59789595	-122.3099279
627	47.59796439	-122.3188688
632	47.59800655	-122.33483570000001
634	47.59398851	-122.3265422
650	47.58893118	-122.3263656
652	47.58821496	-122.3325509
657	47.58266405	-122.32424109999998
666	47.57580842	-122.29997859999999
668	47.57570122	-122.3116206
675	47.57676447	-122.3650003
677	47.5886467	-122.38840320000001
682	47.57832685	-122.389233
684	47.57830151	-122.37918159999998
691	47.57824978	-122.40936540000001
693	47.57576171	-122.4164756
700	47.56716773	-122.36688659999999
702	47.56575121	-122.35447340000002
707	47.56908141	-122.32448980000001
709	47.56321273	-122.30882539999999
716	47.56477497	-122.2734457
718	47.5559658	-122.2657499
681	47.58212871	-122.4009135
694	47.56755185	-122.40782879999999
695	47.56767855	-122.3993326
697	47.56696213	-122.3845743
698	47.56609172	-122.37822890000001
711	47.56430831	-122.2979928
712	47.57038729999999	-122.29455779999999
713	47.56350562	-122.2916642
714	47.5681531	-122.2878504
728	47.56077626	-122.3369622
729	47.55648077	-122.3617095
730	47.55748727	-122.36446540000001
746	47.54215427	-122.388673
748	47.54263173	-122.3853216
761	47.55056466	-122.32560649999999
762	47.54862252	-122.31777269999999
763	47.55068803	-122.31714440000002
764	47.55133817	-122.3119858
765	47.5501535	-122.30477520000001
778	47.54353629	-122.32080549999999
780	47.54088096	-122.32829879999998
725	47.56293166	-122.3263142
727	47.55788334	-122.33273270000001
732	47.56244187	-122.37801670000002
734	47.55470793	-122.37891289999999
743	47.54619551	-122.3971991
750	47.54213522	-122.37915840000001
752	47.54229499	-122.3736047
759	47.55293992	-122.3354611
766	47.54854839	-122.29390259999998
768	47.54855085	-122.27183079999999
775	47.54264759	-122.2955618
782	47.53567315	-122.3655264
784	47.53649329	-122.37930779999999
791	47.53092805	-122.37885859999999
793	47.53100724	-122.3725857
800	47.53114878	-122.350902
802	47.52843279	-122.3442048
809	47.53462992	-122.303045
816	47.5292158	-122.26552140000001
818	47.52882336	-122.2722622
827	47.52340116	-122.3277693
686	47.56902646	-122.3744531
687	47.5727524	-122.3787676
688	47.57291518	-122.38481750000001
689	47.57296374	-122.3896324
703	47.56687395	-122.35176170000001
704	47.564950700000004	-122.3423947
705	47.56951842	-122.3362206
720	47.55612298	-122.28070520000001
721	47.55615634	-122.2866233
722	47.55571367	-122.29678759999999
723	47.55707329999999	-122.30888329999999
736	47.55973231	-122.38482250000001
737	47.55478721	-122.3849685
738	47.56166145	-122.3894348
739	47.5543668	-122.3891037
753	47.54323362	-122.36356049999999
754	47.55175746	-122.3568137
755	47.54138039	-122.3572544
770	47.54145924	-122.2627483
771	47.54237688	-122.269971
772	47.54078139	-122.274988
773	47.54197659	-122.2818858
786	47.53577395	-122.3897373
781	47.53611281	-122.3519764
795	47.53098693	-122.36449170000002
797	47.52286844	-122.3667378
798	47.53190776	-122.35773909999999
811	47.53554037	-122.28862590000001
812	47.53450024	-122.28248870000002
813	47.53396801	-122.2779645
814	47.53425294	-122.27203370000001
815	47.53428365	-122.26809979999999
828	47.52009841	-122.3356869
829	47.5199106	-122.3507986
830	47.52146748	-122.35722849999999
831	47.51949097	-122.36126180000001
845	47.51938248	-122.2746881
846	47.5213637	-122.2721003
847	47.51372064	-122.27165990000002
848	47.52168447	-122.26604240000002
862	47.50972865	-122.3571355
863	47.51462249	-122.35302050000001
864	47.50967329	-122.3526834
865	47.51492223	-122.34517290000001
879	47.50787833	-122.29751920000001
880	47.50917278	-122.30968590000002
881	47.503189	-122.30190690000002
832	47.51921359	-122.37264340000002
834	47.51672554	-122.38758270000001
841	47.5045604	-122.3735269
843	47.51283823	-122.2820004
850	47.5160557	-122.25856780000001
852	47.50867992	-122.261128
859	47.51368092	-122.3687855
866	47.5091365	-122.343893
868	47.50942605	-122.33647579999999
875	47.50643223	-122.2343804
877	47.50451159	-122.2724406
886	47.50472082	-122.33012079999999
891	47.50320018	-122.3665074
893	47.49170459	-122.35292759999999
900	47.49748385	-122.30700130000001
902	47.49172227	-122.3014122
909	47.49190248	-122.2588956
911	47.49153547	-122.24538829999999
916	47.49199861	-122.23167409999999
918	47.48628442	-122.24711570000001
925	47.47662668	-122.27915790000002
927	47.48213236	-122.29214520000001
788	47.52478845	-122.3902101
789	47.53009094	-122.385282
790	47.52370515	-122.3848483
803	47.53426328	-122.33940700000001
804	47.53468492	-122.3272615
806	47.52928715	-122.3215007
820	47.52467763	-122.27527959999999
821	47.52873166	-122.28460690000001
822	47.5234716	-122.2827733
823	47.52370934	-122.28851440000001
837	47.51096486	-122.37954369999999
838	47.51290277	-122.3736855
839	47.50683676	-122.3808013
853	47.51009948	-122.25488940000001
854	47.51052427	-122.2446645
855	47.50263546	-122.2475467
856	47.504090399999995	-122.2580808
871	47.51660374	-122.31726210000001
872	47.51992324	-122.3119754
873	47.52253944	-122.30442140000001
888	47.50297981	-122.3431086
889	47.50306696	-122.35292340000002
934	47.48489799	-122.3314196
936	47.4868122	-122.3435588
941	47.46960472	-122.35168359999999
943	47.47293298	-122.3440625
952	47.46712795	-122.28497279999999
959	47.47045402	-122.24110690000002
961	47.48004176	-122.22441859999999
968	47.44688823	-122.2283284
975	47.46202897	-122.2761361
977	47.44802884	-122.27295829999998
984	47.46663843	-122.3053557
986	47.46631908	-122.3277635
991	47.46827946	-122.33645859999999
1000	47.45587777	-122.3667024
1002	47.44061386	-122.34309990000001
1016	47.43674699	-122.2589728
1018	47.43288976	-122.2452767
1025	47.41941031	-122.24557720000001
1027	47.418097499999995	-122.2696034
1034	47.41970827	-122.32794380000001
1036	47.42505924	-122.341559
1041	47.39798906	-122.3045463
882	47.50091739	-122.30744229999999
895	47.49120363	-122.3445646
896	47.49396755	-122.33643870000002
897	47.49391703	-122.32997040000001
912	47.49703641	-122.2395712
913	47.49986726	-122.2317197
914	47.49846261	-122.2238509
915	47.48887085	-122.2217928
928	47.47587222	-122.28690549999999
929	47.485360799999995	-122.2998938
931	47.48499353	-122.30482959999999
932	47.47909257	-122.30751699999999
945	47.47690049	-122.33145829999998
946	47.47488509	-122.3266624
947	47.4761054	-122.3203396
948	47.47239077	-122.30750790000002
962	47.47658803	-122.2184453
963	47.47201968	-122.2207402
965	47.46263708	-122.22088740000001
979	47.45582286	-122.28513020000001
980	47.453641	-122.29248929999999
982	47.44743397	-122.2932531
1050	47.39459474	-122.2381923
1059	47.37748725	-122.28903999999999
1061	47.37216065	-122.2983787
1066	47.38139801	-122.3181669
1068	47.36850985	-122.3190639
1075	47.34189423	-122.2573754
1077	47.34569157	-122.2796358
1086	47.32635075	-122.36036570000002
1091	47.33308596	-122.3021696
1095	47.33221253	-122.280397
1100	47.311272100000004	-122.26846429999999
1102	47.32375801	-122.2863712
1109	47.31849812	-122.370313
1111	47.31930682	-122.3834989
1116	47.31213804	-122.3665002
1118	47.30521633	-122.3651713
1120	47.30427418	-122.35580619999999
1125	47.31360448	-122.30864790000001
1127	47.30440039	-122.29824099999999
1136	47.28667528	-122.3164994
890	47.5026515	-122.3575176
903	47.49631016	-122.29967260000001
905	47.49903085	-122.2860466
906	47.49315491	-122.2895621
920	47.48400173	-122.2645893
921	47.47782737	-122.26657800000001
922	47.4876868	-122.2727511
937	47.48302884	-122.3447358
938	47.48627347	-122.3571856
939	47.47830183	-122.35170349999999
940	47.47022251	-122.36459750000002
955	47.47047394	-122.25027630000001
957	47.47967461	-122.2355254
970	47.45174948	-122.24240079999998
973	47.45875246	-122.25856509999998
988	47.46649762	-122.33311979999999
989	47.46143322	-122.3325509
990	47.45277185	-122.33049960000001
995	47.46524726	-122.34182009999999
996	47.45207713	-122.3417645
997	47.46282009	-122.34922659999998
1012	47.42979295	-122.29181770000001
1013	47.439138299999996	-122.27677390000001
1015	47.44163794	-122.27147190000001
1029	47.41828742	-122.2939122
1030	47.41171481	-122.29569540000001
1031	47.415857200000005	-122.3002346
1032	47.41920331	-122.31689979999999
1045	47.40127653	-122.2577692
1046	47.39160632	-122.25978070000001
1048	47.39256608	-122.24546780000001
1049	47.4043448	-122.23821550000001
1062	47.38963988	-122.30102649999999
1063	47.3813382	-122.3040061
1064	47.37191388	-122.30848119999999
1079	47.34577224	-122.2979885
1080	47.35303372	-122.3077006
1081	47.34670822	-122.306083
1082	47.35461338	-122.3156969
1096	47.33223432	-122.2644885
1143	47.29451409	-122.3648617
1150	47.26154537	-122.3039369
1152	47.27508075	-122.29132779999999
1161	47.27640696	-122.2217452
1168	47.28879044	-122.2228314
1170	47.28599372	-122.19475630000001
1175	47.30926382	-122.24318410000001
1177	47.31385454	-122.23546699999999
1184	47.31701629	-122.2193395
1193	47.33268867	-122.23587169999999
1195	47.33698915	-122.2272669
1200	47.3304301	-122.2054515
1209	47.3378625	-122.15743810000001
1220	47.34692233	-122.24172079999998
1227	47.37064333	-122.19184309999999
1245	47.37618872	-122.19970459999999
1005	47.427403600000005	-122.33008500000001
1006	47.42967631	-122.3219804
1007	47.4313528	-122.31581229999999
1021	47.434918599999996	-122.22235819999999
1022	47.42128261	-122.22449180000001
1023	47.4194307	-122.2327729
1024	47.41855873	-122.2395534
1037	47.40160998	-122.3273769
1038	47.4052534	-122.32067269999999
1039	47.39886855	-122.31990079999998
1054	47.37961041	-122.2528101
1055	47.38416739	-122.25829479999999
1056	47.39117296	-122.276921
1057	47.38774397	-122.2827638
1071	47.36327955	-122.3006331
1072	47.36420436	-122.2876942
1074	47.37489549	-122.2517594
1087	47.32665657	-122.3430903
1088	47.32695486	-122.32937340000002
1089	47.32819774	-122.3172116
1090	47.33999819	-122.3079356
1105	47.318804799999995	-122.3168205
1250	47.38392521	-122.2196388
1252	47.38499149	-122.22839009999998
1259	47.38054474	-122.2408416
1268	47.39359517	-122.18930049999999
1277	47.39414634	-122.1175499
1284	47.40868736	-122.13369740000002
1286	47.41253172	-122.1611142
1293	47.40497117	-122.18141969999999
1295	47.41836461	-122.1796389
1311	47.44178851	-122.18070230000001
1318	47.43469113	-122.0731869
1327	47.45193534	-122.11772649999999
1329	47.44286097	-122.13718429999999
1334	47.46124797	-122.1512897
1336	47.44761413	-122.1822196
1343	47.46489099	-122.1999243
1345	47.44703172	-122.2037491
1097	47.32483862	-122.2537876
1098	47.33259042	-122.24728130000001
1099	47.31631417	-122.2532284
1112	47.31873289	-122.39698270000001
1113	47.30906867	-122.3958383
1114	47.31157112	-122.3846372
1115	47.30314959	-122.3819382
1129	47.29863001	-122.263697
1130	47.2864182	-122.26616999999999
1131	47.29397465	-122.2810159
1132	47.28369116	-122.2904
1147	47.27343702	-122.32133629999998
1149	47.26807642	-122.31035630000001
1162	47.26740059	-122.23706440000001
1163	47.26849817	-122.25642749999999
1165	47.28878853	-122.2486213
1166	47.29899426	-122.24577450000001
1179	47.30883671	-122.2290189
1180	47.31602576	-122.2272087
1181	47.30559679	-122.2209372
1182	47.30937909	-122.21964209999999
1196	47.323373100000005	-122.21776559999999
1352	47.47878335	-122.21272450000001
1354	47.48174958	-122.2061166
1359	47.48240245	-122.1835143
1361	47.48311791	-122.1602368
1368	47.477525	-122.1254058
1370	47.47875157	-122.11031489999999
1377	47.47284321	-122.0293966
1386	47.49454132	-122.130026
1393	47.50963439	-122.15028240000001
1395	47.50123872	-122.16064320000001
1402	47.49851431	-122.1789033
1404	47.51054205	-122.18160120000002
1409	47.49319889	-122.1973523
1411	47.4986548	-122.19879040000001
1418	47.52836871	-122.1911053
1420	47.54589897	-122.18709969999999
1427	47.524397	-122.1563673
1429	47.52869026	-122.13995609999999
1443	47.54371198	-122.05463859999999
1452	47.56311097	-122.11309779999999
1454	47.554693799999995	-122.1307783
1106	47.31919885	-122.3288888
1107	47.31907761	-122.3389314
1121	47.31082196	-122.34067409999999
1122	47.30172871	-122.343479
1123	47.31085948	-122.32630049999999
1124	47.30451103	-122.32234369999999
1137	47.29548719	-122.32008629999999
1138	47.28711186	-122.32432790000001
1140	47.28817365	-122.3400024
1141	47.2885107	-122.34910729999999
1155	47.26234841	-122.2819439
1156	47.26116187	-122.253621
1157	47.26146559	-122.24237009999999
1171	47.24826596	-122.1276915
1172	47.29576134	-122.21063429999998
1173	47.30040005	-122.2179893
1174	47.29706554	-122.2232379
1188	47.31322023	-122.1814793
1189	47.31886282	-122.1728333
1190	47.31816898	-122.1817398
1191	47.3183658	-122.19319140000002
1204	47.33379006	-122.18703459999999
1205	47.34231283	-122.18403870000002
1206	47.32610415	-122.16789080000001
1198	47.32964309	-122.21761770000002
1199	47.33780618	-122.2159351
1214	47.35244895	-122.1833386
1229	47.36866735	-122.1809774
1230	47.36241009	-122.1697006
1231	47.36834211	-122.170492
1232	47.36565526	-122.1521519
1246	47.38411149	-122.1951152
1247	47.37661796	-122.2077797
1248	47.38404814	-122.20744270000002
1249	47.37676459	-122.2227976
1263	47.39332372	-122.2236939
1264	47.39232608	-122.2125867
1265	47.39053284	-122.20496170000001
1266	47.39015074	-122.1978146
1279	47.39080057	-122.066978
1280	47.39980563	-122.0672084
1281	47.41065502	-122.06466270000001
1282	47.41596224	-122.08984299999999
1283	47.40645015	-122.1050392
1296	47.42726115	-122.18468090000002
1297	47.40533466	-122.1917182
1298	47.41244287	-122.1931002
1299	47.41930879	-122.19320719999999
1461	47.55377225	-122.19366969999999
1468	47.57583944	-122.1666192
1470	47.57232654	-122.1514882
1477	47.56353297	-122.12630530000001
1479	47.56953802	-122.1141628
1484	47.55399355	-122.2249134
1486	47.54727167	-122.210834
1495	47.58320958	-122.2477274
1502	47.58251246	-122.1925862
1504	47.59701210000001	-122.1901221
1509	47.58418191	-122.1621685
1518	47.57246313	-122.11053340000001
1520	47.59314023	-122.12150279999999
1527	47.59968323	-122.1474018
1529	47.59613172	-122.1545551
1534	47.60649996	-122.18901100000001
1536	47.60592282	-122.19360929999999
1543	47.61487995	-122.2106987
1545	47.61563539	-122.2043443
1554	47.61498868	-122.1901007
1559	47.61908355	-122.17974650000001
1561	47.61963048	-122.1693455
1563	47.6201536	-122.15738780000001
1221	47.36148806	-122.24148079999999
1222	47.36531967	-122.23140500000001
1223	47.36121365	-122.2048315
1224	47.36979452	-122.2053138
1238	47.37754714	-122.1311473
1239	47.37925108	-122.15597509999999
1240	47.37604647	-122.1707549
1241	47.38363288	-122.168958
1254	47.37396751	-122.2346206
1255	47.38043866	-122.2341885
1256	47.3848903	-122.2342649
1257	47.37386242	-122.23833859999999
1258	47.37315868	-122.2422499
1272	47.38978833	-122.15870579999999
1273	47.39672897	-122.161906
1274	47.39724669	-122.1491758
1288	47.42678615	-122.1492872
1290	47.40531422	-122.17048659999999
1304	47.41876871	-122.21388629999998
1305	47.42651379	-122.2063056
1306	47.43642117	-122.21146529999999
1307	47.43633823	-122.20110290000001
1568	47.62378238	-122.1350321
1570	47.62060544	-122.12876240000001
1577	47.62881575	-122.11515530000001
1579	47.62950148	-122.1392273
1584	47.63088754	-122.16228159999999
1586	47.62629393	-122.17914990000001
1588	47.6258714	-122.1897983
1595	47.62653876	-122.23645220000002
1609	47.63747649	-122.17044920000001
1611	47.6391983	-122.1466522
1620	47.63486262	-122.10561609999999
1627	47.65674159	-122.13148229999999
1636	47.65833734	-122.199696
1638	47.66606343	-122.20377659999998
1645	47.66418685	-122.13937460000001
1652	47.67345322	-122.1156534
1654	47.67322376	-122.1210259
1661	47.67151283	-122.1691564
1663	47.67022336	-122.19410659999998
1313	47.44463596	-122.1604351
1314	47.43888185	-122.14915330000001
1315	47.43838726	-122.13633610000001
1330	47.45137387	-122.14560520000002
1331	47.46416413	-122.14208590000001
1346	47.44521877	-122.2139284
1347	47.455950099999995	-122.2089841
1348	47.46392619	-122.2114841
1364	47.48483198	-122.14960549999999
1365	47.48409109	-122.13913970000002
1366	47.46542054	-122.1226733
1380	47.51279323	-122.018621
1381	47.49649203	-122.02955370000001
1396	47.50898032	-122.1604697
1397	47.49012808	-122.1699486
1398	47.49534664	-122.1697646
1400	47.51380268	-122.1712336
1413	47.49863377	-122.21041480000001
1308	47.43495417	-122.1916716
1321	47.41912991	-122.03232150000001
1322	47.43565846	-122.02636709999999
1324	47.45023637	-122.02238929999999
1339	47.46570319	-122.17894270000001
1340	47.44878973	-122.1914551
1341	47.45555793	-122.19758300000001
1355	47.48592509	-122.20501940000001
1356	47.48503944	-122.1994295
1357	47.47343401	-122.19784720000001
1358	47.47920985	-122.1923841
1371	47.47778923	-122.10004779999998
1372	47.46530609	-122.0893479
1373	47.47779421	-122.087778
1374	47.46585885	-122.06929380000001
1375	47.46199543	-122.04327099999999
1388	47.501218200000004	-122.1353473
1389	47.50877816	-122.13739070000001
1390	47.49345805	-122.1488475
1391	47.49391373	-122.15381799999999
1406	47.49876774	-122.18979879999999
1414	47.48839084	-122.2146807
1415	47.51376524	-122.20183090000002
1416	47.52259449	-122.20305420000001
1430	47.54218118	-122.1384094
1431	47.54051238	-122.11750970000001
1432	47.5282562	-122.09905549999999
1433	47.53604151	-122.0689697
1447	47.544412799999996	-122.0601902
1448	47.5468565	-122.0657881
1449	47.55206341	-122.0896412
1450	47.56515712	-122.0882928
1463	47.57510884	-122.1779578
1464	47.56976678	-122.17658109999999
1465	47.56885978	-122.1720196
1466	47.57548486	-122.1720064
1481	47.53616193	-122.2212057
1482	47.54347201	-122.23062420000001
1483	47.54851171	-122.2337682
1497	47.59066112	-122.2295782
1498	47.58157927	-122.21521509999998
1499	47.58485556	-122.2001318
1513	47.59292423	-122.14679459999999
1514	47.58219836	-122.1385777
1515	47.58795551	-122.1361303
1421	47.52151036	-122.177939
1422	47.5299619	-122.1802399
1423	47.53697696	-122.18114140000002
1425	47.52766435	-122.17102479999998
1438	47.53128949	-122.03849540000002
1439	47.53255292	-122.0337476
1441	47.54166399	-122.04846940000002
1455	47.54805108	-122.1412009
1456	47.55457284	-122.14755500000001
1458	47.546719700000004	-122.15646890000001
1472	47.57476104	-122.14341940000001
1473	47.56135854	-122.1395082
1474	47.56674513	-122.1368875
1475	47.57362977	-122.1352888
1488	47.56367052	-122.22120430000001
1489	47.56812165	-122.23017340000001
1490	47.57153785	-122.22171399999999
1492	47.57972555	-122.2254648
1505	47.59183176	-122.18198909999998
1506	47.58644386	-122.17075120000001
1507	47.59450459	-122.17749679999999
1508	47.59556958	-122.17264240000002
1517	47.58310388	-122.12998619999999
1530	47.60627598	-122.15634070000002
1532	47.60652866	-122.16895020000001
1533	47.60713721	-122.18374850000001
1547	47.61220263	-122.19851100000001
1549	47.61888296	-122.19891100000001
1550	47.6117266	-122.19416729999999
1564	47.61349013	-122.14825049999999
1565	47.62052187	-122.14906699999999
1567	47.62130921	-122.13924159999999
1581	47.630024299999995	-122.14711059999999
1582	47.62541873	-122.16102579999999
1583	47.6288706	-122.16076409999998
1597	47.64081435	-122.23774209999999
1599	47.63455527	-122.2225088
1600	47.64626337	-122.21676869999999
1614	47.63368566	-122.1260504
1615	47.63829762	-122.12923119999999
1616	47.64427214	-122.1276882
1617	47.64352191	-122.12009740000002
1522	47.60034233	-122.11563410000001
1523	47.60075585	-122.12632340000002
1524	47.60690187	-122.12703159999998
1525	47.59897395	-122.13712050000001
1538	47.60008476	-122.20292859999998
1539	47.60640919	-122.20369699999999
1540	47.60539571	-122.21191599999999
1541	47.61784256	-122.2333253
1542	47.61538751	-122.22493929999999
1555	47.62017265	-122.1899274
1557	47.62013673	-122.18649509999999
1558	47.61362656	-122.17926499999999
1572	47.61969439999999	-122.1161824
1575	47.62622273	-122.10383540000001
1589	47.62513346	-122.19373449999999
1590	47.62542961	-122.19894540000001
1591	47.62517354	-122.2043874
1592	47.6210755	-122.2124501
1605	47.63697256	-122.1921017
1606	47.64059148	-122.19209509999999
1607	47.64339054	-122.19011640000001
1608	47.63997306	-122.18045249999999
1622	47.63458789999999	-122.096074
1631	47.6533512	-122.1588818
1632	47.65039171	-122.1832951
1633	47.65321886	-122.1929419
1634	47.65837842	-122.19162320000001
1647	47.66258656	-122.13056709999998
1648	47.66396177	-122.1188237
1649	47.66553255	-122.1040881
1664	47.674797	-122.20496409999998
1666	47.67467074	-122.1997125
1667	47.6793411	-122.20091699999999
1681	47.68844311	-122.1138074
1682	47.68942078	-122.12352109999999
1683	47.68500554	-122.12973400000001
1684	47.68606928	-122.13950320000001
1697	47.69253743	-122.18810320000001
1698	47.69946728	-122.1814303
1699	47.69838113	-122.177924
1700	47.69309257	-122.1701838
1714	47.7060412	-122.12249209999999
1715	47.704797	-122.1689517
1716	47.70883661	-122.16592040000002
1717	47.70683551	-122.17651709999998
1731	47.71371164	-122.1899947
1623	47.64856076	-122.1117395
1624	47.64900024	-122.11981909999999
1625	47.65150828	-122.1275173
1639	47.66363078	-122.19862649999999
1640	47.66435806	-122.1922715
1641	47.66358701	-122.17945619999999
1656	47.67433107	-122.1254638
1657	47.6722409	-122.12998300000001
1658	47.67169422	-122.13776029999998
1659	47.6706973	-122.149289
1673	47.67936086	-122.1364754
1675	47.68033277	-122.12719170000001
1689	47.68515442	-122.188051
1690	47.68213106	-122.1936558
1691	47.68387592	-122.2034938
1692	47.68271504	-122.2123649
1707	47.6961456	-122.1134665
1708	47.70207006	-122.1159967
1709	47.69669003	-122.09914669999999
1722	47.70624367	-122.2416511
1723	47.71901637	-122.25179159999999
1732	47.72080165	-122.19280479999999
1733	47.71405814	-122.17891110000001
1734	47.72222605	-122.18202790000001
1747	47.7344357	-122.15908219999999
1749	47.73350396	-122.17101650000001
1750	47.72885688	-122.180981
1751	47.72904606	-122.19379280000001
1764	47.74464971	-122.22349879999999
1765	47.73688519	-122.2154717
1766	47.74480261	-122.21417509999999
1781	47.75239993	-122.1593402
1784	47.74604073	-122.12192490000001
1814	47.77288219	-122.2560098
1815	47.77321449	-122.2659106
1816	47.76934363	-122.27272079999999
1817	47.77268056	-122.28211850000001
1831	47.77519633	-122.341121
1832	47.76708719	-122.3427997
1833	47.77361505	-122.3505389
1834	47.76687056	-122.34858200000001
1848	47.75963424	-122.3417897
1849	47.75233002	-122.34144979999999
1724	47.71509915	-122.23078500000001
1725	47.72471115	-122.23511470000001
1739	47.72295071	-122.13898370000001
1740	47.71514107	-122.1196121
1741	47.71811395	-122.1016232
1742	47.72654832	-122.09215079999998
1756	47.72663224	-122.2566817
1757	47.74190511	-122.2584587
1758	47.75752653	-122.2554912
1759	47.74661908	-122.2446986
1772	47.74877149	-122.1910568
1773	47.75726981	-122.19808359999999
1774	47.73837021	-122.18128870000001
1775	47.75066589	-122.18288020000001
1776	47.74774956	-122.17914590000001
1789	47.75248421	-122.08749309999999
1790	47.76700885	-122.0938169
1791	47.76754801	-122.12063880000001
1792	47.77058439	-122.1479758
1806	47.75668504	-122.2238764
1807	47.76092724	-122.2306527
1808	47.77317437	-122.2275193
1809	47.75976258	-122.2389912
1823	47.77442095	-122.31139080000001
1824	47.7673698	-122.3115588
1825	47.77343144	-122.31646210000001
1850	47.75991665	-122.3310642
1864	47.75497446	-122.2713825
1865	47.74959518	-122.28071090000002
1866	47.73689093	-122.2890847
1867	47.74460895	-122.29411680000001
1868	47.73648302	-122.2970375
1881	47.74867002	-122.35962479999999
1882	47.74339175	-122.3625317
1883	47.76794027	-122.0773818
1884	47.75831979	-122.0732215
1898	47.7267622	-121.9994713
1899	47.72651024	-122.02167779999999
1900	47.71066471	-122.02113529999998
1901	47.72518588	-122.04300719999999
1914	47.69090575	-122.01682959999998
1915	47.67061682	-122.02484779999999
1916	47.67685058	-121.9925777
1918	47.70055521	-121.94954129999999
1931	47.66773562	-122.0970063
1932	47.67108668	-122.10319799999999
1934	47.64736455	-122.06661940000001
1949	47.58086239	-121.9179512
1826	47.76646965	-122.3197408
1839	47.77346999	-122.3800358
1840	47.774243	-122.3876767
1841	47.76823133	-122.38404950000002
1842	47.76412471	-122.3729841
1857	47.7582359	-122.3103293
1858	47.75237059	-122.3093868
1859	47.75231657	-122.2955937
1873	47.74488239	-122.32659129999999
1875	47.74512335	-122.3319678
1876	47.73680056	-122.3296722
1889	47.74327743	-122.03935859999999
1890	47.77002054	-122.03821409999998
1891	47.76545147	-122.02108179999999
1906	47.72856678	-122.0789311
1907	47.71139591	-122.0752676
1908	47.69541563	-122.08611850000001
1909	47.6839512	-122.09477120000001
1923	47.6463564	-121.98653440000001
1924	47.65491939	-122.01615819999999
1925	47.6554441	-122.03239450000001
1926	47.66644284	-122.0547997
1950	47.56648842	-121.9003122
1965	47.58262066	-122.0690101
1967	47.56233236	-122.03803319999999
1968	47.56997476	-122.02997260000001
1981	47.51791993	-121.89021070000001
1982	47.55691398	-121.85723159999999
1983	47.53647137	-121.8742643
1998	47.45976956	-121.75623459999998
1999	47.48146907	-121.79981470000001
2000	47.41285629	-121.94304009999999
2001	47.41817777	-121.9898041
2015	47.3703967	-122.01468590000002
2016	47.36796143	-121.9821575
2017	47.3680375	-121.91711409999998
2018	47.31611912	-121.72683700000002
2031	47.33643823	-122.081547
2032	47.33488121	-122.10643859999999
2033	47.35504028	-122.11683899999998
2035	47.33629546	-122.14156729999999
2048	47.24034161	-121.94340840000001
2049	47.26086627	-121.9703465
1940	47.64671873	-122.04610990000002
1941	47.63240814	-122.0284824
1942	47.62224309	-122.0296953
1943	47.62563529999999	-122.00777190000001
1956	47.61210929	-122.0290227
1957	47.59692778	-122.0278606
1958	47.58363049	-122.02877579999999
1959	47.61024783	-122.0412781
1973	47.56359269	-122.0165892
1974	47.54838274	-122.01136909999998
1975	47.54274677	-122.01140919999999
1976	47.57170961	-121.99988529999999
1990	47.4957955	-121.77662439999999
1991	47.48703562	-121.7801503
1993	47.49314645	-121.73602439999999
2006	47.38489148	-122.0552601
2007	47.36019399	-122.1137489
2008	47.36531143	-122.090425
2009	47.36386108	-122.07797509999999
2010	47.37184804	-122.05437069999999
2023	47.34208564	-122.0310351
2024	47.35348716	-122.04566570000001
2025	47.33683511	-122.0426828
2026	47.35401395	-122.05868319999999
2040	47.32016115	-122.08130690000002
1668	47.67749669	-122.19226880000001
1670	47.67684929	-122.1593462
1679	47.68358689	-122.10223459999999
1693	47.69141067	-122.2143472
1695	47.70071537	-122.20293909999998
1702	47.6913031	-122.1612564
1704	47.69435369	-122.1492138
1711	47.70970369	-122.094881
1718	47.7082325	-122.1870648
1720	47.70773541	-122.21371029999999
1727	47.714642299999994	-122.21288490000002
1729	47.71484023	-122.202418
1736	47.71335017	-122.16067199999999
1738	47.72202458	-122.1514216
1743	47.72572028	-122.106361
1752	47.72869852	-122.20353100000001
1754	47.73403598	-122.2333281
1761	47.74562465	-122.23311869999999
1763	47.73715644	-122.22510559999999
1768	47.75353979	-122.2109475
1770	47.7375592	-122.19683130000001
2050	47.28556529	-122.0145527
2065	47.20476925	-121.95356070000001
2066	47.21095537	-121.9862236
2067	47.20312755	-121.9868182
2068	47.21833813	-121.99779290000001
2082	47.47086783	-122.479804
2083	47.47272398	-122.4534848
2084	47.44140391	-122.4547037
2085	47.43993886	-122.47344650000001
2041	47.30602398	-122.06980300000001
2042	47.31961348	-122.0453951
2043	47.30574344	-122.04132560000001
2057	47.26684096	-122.11311859999999
2058	47.29728734	-122.1632846
2059	47.279483299999995	-122.1534497
2060	47.29236651	-122.191162
2073	47.22031274	-122.076197
2074	47.20056985	-122.0591837
2075	47.19834984	-122.08563240000001
2076	47.18110438	-122.0237513
579	47.60810529	-122.3252662
1777	47.75587794	-122.17137269999999
1788	47.74022592	-122.09032240000002
1793	47.761626299999996	-122.15041670000001
1795	47.76808918	-122.1647523
1804	47.76233942	-122.212294
1813	47.76635154	-122.255453
1818	47.76714429	-122.28951570000001
1820	47.76858708	-122.2973555
1822	47.76905993	-122.3052729
1827	47.77425345	-122.3227378
1829	47.77408277	-122.3325605
1836	47.76745787	-122.3560085
1838	47.77226521	-122.3721644
1843	47.75564093	-122.37161850000001
1845	47.75365549	-122.3568601
1847	47.75237053	-122.34876399999999
1852	47.75767658	-122.32626529999999
1854	47.75929072	-122.3172075
1861	47.75395112	-122.28286370000001
1863	47.76202402	-122.2671646
1870	47.73568052	-122.308948
1872	47.73767137	-122.31720320000001
907	47.49233512	-122.28362240000001
966	47.44894328	-122.21972040000001
1877	47.74579755	-122.3417225
1886	47.74228348	-122.07336979999998
1888	47.74143984	-122.05684620000001
1895	47.73528935	-121.8912061
1902	47.71119445	-122.03217590000001
1911	47.68099804	-122.0709162
1913	47.68929118	-122.03904469999999
1920	47.62979071	-121.89331770000001
1922	47.63198805	-121.9654415
1927	47.65535567	-122.04547079999999
1936	47.62168548	-122.06129080000001
1938	47.63107069	-122.04106750000001
1945	47.60869483	-121.96576329999999
1947	47.57240879	-121.8541845
1952	47.5938146	-121.9813625
1961	47.59653574	-122.04094909999999
1963	47.60724427	-122.06610330000001
1970	47.54888324	-122.03620359999998
1977	47.54684788	-121.9955396
1855	47.75155435	-122.31937240000002
1986	47.54612442	-121.81435729999998
1988	47.52398896	-121.81623950000001
1995	47.700623	-121.3536112
2004	47.38840216	-122.035522
2011	47.36198326	-122.0528602
2013	47.36301546	-122.0342064
2020	47.32796764	-121.978471
2022	47.35151256	-122.02664250000001
2029	47.35588952	-122.10304199999999
2036	47.32549222	-122.1412277
2038	47.32325726	-122.11823770000001
2045	47.30893625	-122.01050500000001
2047	47.30765797	-121.8859889
2052	47.25773739	-122.0462189
2054	47.2717098	-122.07130430000001
2056	47.28877149	-122.10438229999998
2061	47.25064659	-122.0944053
2063	47.23565082	-122.02942079999998
2070	47.20293235	-121.9963045
2072	47.20364688	-122.0275102
2077	47.19408182	-122.0043051
2079	47.19556642	-121.976753
2081	47.17685503	-121.9057112
2086	47.39383179	-122.477318
2088	47.35338533	-122.4989983
1126	47.30606317	-122.30911090000002
206	47.67393092	-122.2822658
1800	47.77105349	-122.1987328
1801	47.76142577	-122.2048074
706	47.56957182	-122.3313065
3822	47.70219448	-122.32637460000001
3819	47.52011528	-122.33604550000001
3804	47.64375325	-122.1967615
3808	47.67603147	-122.123347
3842	47.3179125	-122.3048157
3762	47.29386677	-122.36045159999998
3896	47.48159808	-122.2074273
3807	47.75569011	-122.3190716
3876	47.46467599	-122.2877935
3815	47.75828211	-122.2420513
3811	47.67459999	-122.1012553
3782	47.32116791	-122.2273986
3859	47.57915405	-122.31225259999998
3887	47.52236528	-122.27982639999999
3899	47.35735326	-122.2930257
3858	47.56904796	-122.1684432
3785	47.39163912	-122.28790390000002
3860	47.57561251	-122.2969447
3869	47.55860911	-122.2920395
3904	47.51827056	-122.20164229999999
3817	47.75944733	-122.20160249999999
1445	47.55341601	-122.0454453
3894	47.48097834	-122.2085507
3806	47.66868521	-122.18488870000002
3764	47.64434805	-122.1332152
3823	47.73587361	-122.32427659999998
6	47.73229996	-122.33805919999999
8	47.72547983	-122.33366200000002
13	47.73067116	-122.31000149999998
15	47.73033522	-122.3008514
17	47.73012105	-122.2944048
22	47.71538633	-122.28715009999999
24	47.71602896	-122.29945330000001
31	47.71678915	-122.3419497
33	47.71363915	-122.34720039999999
42	47.706992799999995	-122.35766159999999
47	47.71034749	-122.3263186
49	47.71034152	-122.31513020000001
56	47.69980659	-122.2750119
58	47.70078271	-122.28721709999999
65	47.70490295	-122.31508659999999
67	47.70595581	-122.3209128
72	47.69932269	-122.33314009999998
74	47.69868254	-122.3373614
81	47.69860967	-122.3631372
83	47.69888263	-122.3725747
90	47.69257862	-122.35747109999998
92	47.69483585	-122.3471186
97	47.69307742	-122.31605230000001
106	47.68586907	-122.26680079999998
108	47.68840098	-122.28354329999999
115	47.68412102	-122.29781159999999
117	47.68479501	-122.30376499999998
122	47.68522462	-122.3162176
124	47.68524818	-122.32009109999998
133	47.68880054	-122.35323670000001
140	47.68508705	-122.3687085
142	47.68507892	-122.3749851
147	47.68867779	-122.39032250000001
149	47.68866263	-122.395673
156	47.68130024	-122.3902753
165	47.67776664	-122.3689959
167	47.67734858	-122.36326329999999
172	47.68151812	-122.3472592
174	47.67823633	-122.33770679999999
190	47.677201700000005	-122.2923696
192	47.67760361	-122.2883737
208	47.6739643	-122.2875702
215	47.6705505	-122.3034953
217	47.67041458	-122.30925420000001
222	47.67408964	-122.3236402
224	47.67410605	-122.3281735
226	47.6704926	-122.32974469999999
231	47.6739348	-122.3518919
233	47.67417143	-122.3566395
240	47.67010137	-122.3741683
242	47.67019499	-122.3788666
247	47.67406301	-122.39567240000001
249	47.67390526	-122.4016361
251	47.67349629	-122.40715060000001
256	47.66695358	-122.3789617
258	47.66615667	-122.3734915
265	47.66327798	-122.3593895
267	47.663589200000004	-122.3519977
272	47.66270587	-122.3396996
274	47.66726111	-122.33136090000002
276	47.66686704	-122.32712579999999
281	47.66692116	-122.3143095
283	47.66670070000001	-122.3091994
290	47.66669219	-122.2929108
292	47.66679542	-122.28775259999999
299	47.65553828	-122.27934520000001
301	47.65413034	-122.299756
306	47.65269686	-122.3152865
308	47.65481773	-122.32049450000001
315	47.64751753	-122.3367471
317	47.65397006	-122.3449767
324	47.65124774	-122.3524175
326	47.65597839	-122.35813700000001
331	47.66040497	-122.4136922
333	47.65698906	-122.3993844
340	47.64862829	-122.36617609999999
342	47.65065377	-122.37858119999999
349	47.64244996	-122.3972193
351	47.64166243	-122.37873770000002
358	47.64126134	-122.34426909999999
365	47.64032214	-122.319254
367	47.64069919	-122.3097858
374	47.637055200000006	-122.2999561
381	47.63626496	-122.3212662
390	47.63463414	-122.384084
392	47.63558993	-122.3957783
399	47.63048642	-122.35442420000001
401	47.63066363	-122.3472658
406	47.62809859	-122.3302865
408	47.6263354	-122.3186206
415	47.62850708	-122.28415259999998
424	47.62259728	-122.3106121
426	47.62211893	-122.3188621
431	47.62028926	-122.33188700000001
442	47.62328288	-122.3598396
449	47.61176391	-122.35033770000001
456	47.61811986	-122.3472412
458	47.61331465	-122.34939009999998
460	47.61464229	-122.34766909999999
467	47.61184504	-122.3469832
474	47.61625963	-122.3404855
476	47.61756971	-122.33875249999998
481	47.61129766	-122.34201100000001
492	47.61295051	-122.3375965
499	47.60984127	-122.34016559999999
501	47.61085826	-122.338067
506	47.61315799	-122.33250790000001
510	47.60794444	-122.33844679999999
515	47.61026183	-122.33289579999999
524	47.6080751	-122.33242299999999
526	47.60389417	-122.337654
535	47.60336014	-122.33430619999999
540	47.60222255	-122.33328940000001
542	47.60283546	-122.3307308
551	47.618950700000006	-122.32191780000001
558	47.61827786	-122.29925970000001
560	47.61579026	-122.2864043
565	47.61439753	-122.3151452
567	47.61427121	-122.32174669999999
574	47.61219151	-122.32530420000002
576	47.61166378	-122.3221864
583	47.60882588	-122.3218483
585	47.61118094	-122.3154844
590	47.61075558	-122.2873578
592	47.60649092	-122.28680859999999
599	47.60299663	-122.30504199999999
601	47.60300519	-122.3102689
608	47.60300394	-122.32102330000001
610	47.600432	-122.3349658
615	47.60045033	-122.3197899
617	47.60045196	-122.3115567
624	47.59679065	-122.30434699999999
626	47.5973409	-122.3149429
633	47.59491576	-122.33836740000001
640	47.59369091	-122.29000900000001
642	47.59071439	-122.29498909999998
649	47.58914663	-122.31606029999999
651	47.5913723	-122.33234350000001
658	47.58058646	-122.30810729999999
665	47.57617567	-122.2945798
674	47.57919439	-122.3514206
676	47.59456023	-122.3869
683	47.57866202	-122.38451119999999
685	47.57733263	-122.37365220000001
690	47.57557628	-122.3983402
699	47.566909	-122.37253340000001
708	47.56555522	-122.31654640000002
710	47.56723688	-122.30423020000002
715	47.56713042	-122.28251399999999
717	47.5634508	-122.2696179
724	47.55727826	-122.31580359999998
726	47.56405817	-122.33176780000001
735	47.56222022	-122.3838011
740	47.56136056	-122.3957898
742	47.55771113	-122.4001548
744	47.54949958	-122.3892978
749	47.54810959	-122.37978000000001
751	47.54793642	-122.3727774
758	47.55024147	-122.337228
767	47.54866538	-122.2818879
769	47.54907001	-122.2611922
774	47.54109262	-122.286226
776	47.54341437	-122.30194170000001
792	47.524718	-122.37936570000001
794	47.52467863	-122.37469009999998
799	47.52558505	-122.3577687
801	47.52556698	-122.3509023
808	47.53956244	-122.3187737
810	47.53554238	-122.29435120000001
817	47.52498146	-122.266655
819	47.52897371	-122.27740859999999
824	47.52467705	-122.312633
826	47.5205326	-122.32083359999999
835	47.51519576	-122.3939847
842	47.51101009	-122.28920670000001
844	47.51184625	-122.27565359999998
849	47.51771624	-122.26615430000001
851	47.51010556	-122.26751680000001
858	47.49787136	-122.2665481
860	47.51250324	-122.3631237
867	47.51370708	-122.33599309999998
869	47.509972499999996	-122.331216
874	47.52001031	-122.2969457
876	47.50496439	-122.2407274
883	47.51289264	-122.3186963
885	47.51071977	-122.3249295
892	47.49574464	-122.36404099999999
894	47.49679141	-122.34658459999999
899	47.49231705	-122.3178035
908	47.49625901	-122.277006
910	47.49651457	-122.25446070000001
924	47.48308998	-122.2823465
926	47.48134947	-122.286976
935	47.48487384	-122.3365043
944	47.47458505	-122.336013
949	47.47149988	-122.2960703
951	47.471519799999996	-122.2877564
953	47.46859593	-122.27350009999999
958	47.47477032	-122.22842450000002
960	47.47134087	-122.22950719999999
969	47.45378987	-122.2366838
974	47.44872663	-122.25880349999998
976	47.45524564	-122.273776
978	47.46125063	-122.2873763
983	47.44498249	-122.3023462
985	47.45682807	-122.3217119
992	47.46545487	-122.33659180000001
994	47.46832643	-122.3420107
999	47.45450207	-122.3576305
1003	47.44319237	-122.32461359999999
1008	47.43076596	-122.3015719
1017	47.43206502	-122.25372800000001
1019	47.43425207	-122.23671019999999
1026	47.41924135	-122.25744669999999
1028	47.41423641	-122.285549
1033	47.4114407	-122.3194132
1035	47.41242162	-122.32975459999999
1042	47.40191044	-122.29499609999999
1044	47.40475297	-122.2793487
1051	47.40487592	-122.231499
1053	47.38405383	-122.24905790000001
1058	47.37678195	-122.28271029999999
1060	47.38569233	-122.29374240000001
1067	47.38838246	-122.32578190000001
1076	47.35358597	-122.2826283
1078	47.35559354	-122.29971840000002
1083	47.34362116	-122.3156051
1092	47.32567999	-122.30836229999998
1094	47.33915892	-122.2831544
1101	47.32121839	-122.2750534
1103	47.31849634	-122.29943870000001
1108	47.31866065	-122.351619
1110	47.32423734	-122.39631370000001
1117	47.30336156	-122.3728493
1119	47.31241879	-122.3545322
1128	47.30988146	-122.2836412
1133	47.28340736	-122.3020017
1135	47.28647841	-122.31115990000002
1142	47.29243861	-122.3577419
1144	47.29422681	-122.37517890000001
1151	47.27321999	-122.30196529999999
1153	47.26572578	-122.2917453
1158	47.26196944	-122.21663390000002
1160	47.27965299	-122.20967920000001
1167	47.28589961	-122.23647240000001
1169	47.28703998	-122.2090445
1176	47.30615398	-122.23600929999999
1183	47.31294925	-122.21961359999999
1185	47.3059196	-122.20901979999998
1187	47.31288595	-122.19696470000001
1192	47.31754223	-122.21193500000001
1194	47.32708585	-122.22528419999999
1210	47.35426654	-122.1350415
1212	47.35142849	-122.15537079999999
1217	47.34736272	-122.2283095
1219	47.34836403	-122.2355281
1226	47.362707	-122.1922835
1228	47.36002562	-122.1824321
1233	47.36651051	-122.1281699
1235	47.38137548	-122.079925
1237	47.37751465	-122.1163143
1242	47.37545062	-122.18234869999999
1244	47.37592774	-122.1936889
1251	47.38188707	-122.2288415
1253	47.37321177	-122.2305409
1260	47.38479757	-122.2400558
1262	47.39291778	-122.2309551
1267	47.39859947	-122.195971
1269	47.39369847	-122.18414920000001
1276	47.39411641	-122.12815990000001
1278	47.39187782	-122.09780459999999
1285	47.40934248	-122.1490882
1287	47.42035534	-122.15174109999998
1294	47.41219059	-122.18162439999999
1310	47.43400921	-122.18067669999999
1312	47.43538859	-122.16641070000001
1319	47.41714035	-122.05532450000001
1326	47.45468965	-122.0885293
1328	47.44665302	-122.12760549999999
1335	47.46814831	-122.16395259999999
1337	47.45281599	-122.17698870000001
1342	47.46040565	-122.19046759999999
1344	47.45429792	-122.2028187
1351	47.47618145	-122.2072031
1353	47.48355215	-122.21328670000001
1360	47.483194299999994	-122.1676029
1362	47.47218028	-122.1617425
1367	47.47140842	-122.11955079999998
1369	47.48375473	-122.12713159999998
1376	47.47772241	-122.06051670000001
1378	47.46893667	-121.99356470000001
1385	47.50635854	-122.1093479
1387	47.49191214	-122.1377878
1392	47.50151249	-122.1520413
1394	47.49153731	-122.1606088
1401	47.49132492	-122.1790757
1403	47.50270043	-122.1812808
1410	47.49125179	-122.20490339999999
1412	47.497578499999996	-122.20461359999999
1417	47.53604937	-122.197671
1419	47.54020232	-122.18920259999999
1426	47.53623533	-122.1711801
1428	47.53996494	-122.1632267
1435	47.52359616	-122.0448561
1437	47.52714092	-122.03366799999999
1442	47.54254602	-122.0425004
1444	47.54931272	-122.05389040000001
1453	47.54977331	-122.11981920000001
1460	47.557538799999996	-122.1828203
1462	47.57063292	-122.18682079999999
1467	47.56386364	-122.1647039
1469	47.56637957	-122.15291770000002
1476	47.577149299999995	-122.1344501
1478	47.57017407	-122.1272033
1485	47.55011947	-122.21738789999999
1487	47.56174357	-122.2138
1494	47.58524417	-122.23450890000001
1496	47.59393756	-122.2443632
1501	47.59199162	-122.1993159
1503	47.58955502	-122.1945399
1510	47.59059377	-122.15907179999999
1512	47.58538145	-122.1484278
1519	47.58260589	-122.12056729999999
1521	47.60055596	-122.1102926
1526	47.60641927	-122.13627849999999
1535	47.59900145	-122.1939571
1537	47.605481899999994	-122.19878999999999
1544	47.61094443	-122.2038767
1546	47.61893136	-122.204022
1551	47.61519285	-122.19402029999999
1553	47.61216343	-122.19001509999998
1560	47.61439589	-122.16957649999999
1562	47.61356373	-122.1564001
1569	47.61327759	-122.12684229999999
1571	47.61462434	-122.1146952
1576	47.62413206	-122.11363109999999
1578	47.62916711	-122.1294633
1585	47.6253107	-122.1712015
1587	47.62652476	-122.1861817
1594	47.62569676	-122.2225711
1596	47.63432189	-122.2350737
1601	47.63625382	-122.21358400000001
1603	47.64456896	-122.20020009999999
1610	47.637362599999996	-122.15728490000002
1612	47.63564723	-122.13656110000001
1621	47.64162465	-122.10687479999999
1626	47.65059681	-122.1345128
1628	47.65010222	-122.14051979999999
1635	47.65136133	-122.1987619
1646	47.66645733	-122.13267140000002
1651	47.67127247	-122.11469369999999
1653	47.66997613	-122.1198244
1660	47.67103974	-122.15862299999999
1662	47.67174349	-122.1801966
1669	47.67799973	-122.1769432
1671	47.68083288	-122.1476713
1676	47.6770374	-122.11756570000001
1678	47.68318501	-122.1156443
1680	47.69116625	-122.0988055
1685	47.68243295	-122.15754
1687	47.68256266	-122.17338899999999
1694	47.69035271	-122.2036763
1696	47.70107855	-122.18806940000002
1701	47.69968133	-122.1706943
1703	47.7016976	-122.1552758
1705	47.69554884	-122.13505490000001
1710	47.70173192	-122.09973229999999
1712	47.70671351	-122.10701770000001
1719	47.70687468	-122.2074029
1726	47.72587463	-122.22565349999999
1730	47.7208167	-122.20280190000001
1735	47.72219648	-122.1686564
1744	47.73432558	-122.0946665
1746	47.72828976	-122.13243130000001
1753	47.72828248	-122.2157928
1755	47.7340338	-122.24310390000001
1762	47.75178402	-122.22821670000002
1769	47.75448598	-122.20319779999998
1771	47.73495412	-122.1908642
1778	47.74385154	-122.17060239999999
1780	47.74121317	-122.14800090000001
1785	47.75725067	-122.1227869
1787	47.75573279	-122.0991206
1794	47.75775723	-122.15677029999999
1796	47.76375532	-122.18041299999999
1803	47.75602237	-122.21505390000002
1805	47.76878886	-122.21825
1810	47.77384589	-122.23916489999999
1812	47.75983415	-122.2543494
1819	47.77402084	-122.2941962
1821	47.77416977	-122.30252320000001
1828	47.76697619	-122.3261483
1835	47.77477026	-122.3621426
1837	47.76781261	-122.36391499999999
1844	47.76176106	-122.36168300000001
1846	47.75977448	-122.34877209999999
1853	47.75234744	-122.32684509999999
1869	47.74185428	-122.3077794
1871	47.74480283	-122.31773259999999
1878	47.73787591	-122.34208819999999
1880	47.73700237	-122.3476845
1885	47.75066344	-122.07023819999999
1887	47.7611261	-122.0499669
1894	47.75885378	-121.9462784
1896	47.70007616	-121.8778713
1903	47.72725533	-122.060787
1905	47.69386785	-122.06571159999999
1910	47.67806289999999	-122.09174509999998
1912	47.68125299	-122.05428059999998
1919	47.64954794	-121.90800859999999
1928	47.66574649	-122.0685081
1930	47.66227779	-122.0886124
1937	47.63418979	-122.05456550000001
1939	47.62111571	-122.0436993
1944	47.62089668	-121.9841485
1946	47.61171616	-121.9475249
1953	47.60419928	-122.01068240000001
1955	47.58337655	-121.9956878
1960	47.61023045	-122.0567341
1962	47.58493523	-122.0428606
1964	47.59264963	-122.0719064
1969	47.55454253	-122.0341595
1971	47.54199352	-122.0235345
1978	47.56112118	-121.98815400000001
1980	47.55451021	-121.8864562
1989	47.48914468	-121.79129509999999
1994	47.48452168	-121.6876871
1996	47.46694796	-121.69640590000002
2003	47.40201296	-122.02848290000001
2005	47.38575968	-122.04394579999999
2014	47.37500983	-122.0297037
2021	47.35022487	-122.00914590000001
2028	47.333960499999996	-122.0563784
2030	47.35007083	-122.09265829999998
2037	47.30626875	-122.16178980000001
2039	47.31030765	-122.120649
2044	47.31857824	-122.0186864
2046	47.31239295	-122.00081259999999
2053	47.29110209	-122.0626797
2055	47.29608131	-122.11869109999998
2062	47.23574334	-122.0831697
2064	47.22669746	-121.9781951
2069	47.21005174	-121.99813449999999
2071	47.21611007	-122.03904340000001
2078	47.19531603	-121.9909883
2080	47.1798313	-121.95348999999999
2087	47.37296797	-122.432379
197	47.6812088	-122.27167
1830	47.76687757	-122.33240490000001
194	47.67755634	-122.28236299999999
1799	47.76335924	-122.1983949
3751	47.46051976	-122.2398993
3801	47.49594995	-121.788572
3792	47.5419945	-122.061429
3765	47.35500556	-122.30960470000001
3758	47.30619299	-122.23141100000001
3827	47.50778101	-122.4656532
3872	47.5377018	-122.2812949
3854	47.58864799	-122.381001
3898	47.36326957	-122.0202439
3901	47.66633892	-122.1957353
3906	47.72644058	-122.3237289
1213	47.35293401	-122.17074740000001
1234	47.36711479	-122.1152436
1020	47.43449498	-122.2303739
1434	47.53353644	-122.0599779
1399	47.50192979999999	-122.1700378
1548	47.61516766	-122.19834569999999
1580	47.62659468	-122.1491913
1630	47.6506338	-122.14696880000001
1672	47.67810902	-122.14153610000001
1933	47.65225457	-122.08478590000001
1874	47.73850770000001	-122.3254362
1966	47.57376622	-122.04511129999999
2034	47.34922499	-122.12970520000002
1677	47.68286416	-122.12151180000001
1069	47.35790105	-122.3217447
1797	47.77273532	-122.1852571
3796	47.55141274	-122.1795273
131	47.68890146	-122.3466834
158	47.6813903	-122.38490279999999
833	47.51731653	-122.37925020000002
942	47.47869937	-122.344298
1292	47.42001339	-122.1710061
1446	47.55088362	-122.063496
1471	47.57694947	-122.15419070000002
1862	47.76033874	-122.27753419999999
1987	47.52518613	-121.827526
110	47.6884373	-122.28891709999999
160	47.68140352	-122.3794094
230	47.66787541	-122.34251110000001
71	47.70598113	-122.3323149
329	47.65623131	-122.36391979999999
461	47.61530745	-122.34680990000001
320	47.65517397	-122.348472
478	47.60551503	-122.3410892
805	47.52940387	-122.33041770000001
1009	47.43123935	-122.2967437
981	47.4480342	-122.2828597
1084	47.33899864	-122.32562379999999
3902	47.60199206	-122.03500009999999
779	47.544304700000005	-122.3254436
825	47.52389924	-122.31852090000001
878	47.50318496	-122.2919716
964	47.46862311	-122.2244124
1093	47.33970177	-122.2961352
987	47.46073719	-122.3269163
1047	47.40488996	-122.24554840000002
1270	47.39039326	-122.17364369999999
1300	47.40366072	-122.2029295
1164	47.27486884	-122.25469380000001
1215	47.34829557	-122.2004667
1613	47.64140089	-122.139104
1643	47.66373629	-122.15740349999999
1332	47.45032094	-122.1641199
1408	47.51395049	-122.19211059999999
1457	47.55872471	-122.15674409999998
1783	47.75496358	-122.1463696
1713	47.71261309	-122.1106873
1802	47.7716535	-122.20801680000001
1904	47.7117951	-122.06461979999999
3821	47.67673425	-122.3207493
40	47.70461556	-122.37138020000002
199	47.6817082	-122.26625159999999
485	47.6139667	-122.3385693
667	47.57555821	-122.306533
1208	47.34125913	-122.1706439
1619	47.64038024	-122.11554790000001
1637	47.65475434	-122.2050729
66	47.69859759	-122.3157497
145	47.68870109	-122.38488909999998
236	47.67023899	-122.36367179999999
300	47.65981787	-122.28832299999999
335	47.65784179	-122.384644
468	47.61218454	-122.3455655
568	47.61428737	-122.3251193
3799	47.60332096	-122.18526899999999
23	47.7160505	-122.29445829999999
73	47.70425882	-122.33630919999999
59	47.70436188	-122.2943629
188	47.67758699	-122.29789129999999
369	47.64129260000001	-122.30448909999998
544	47.60378263	-122.3284831
564	47.61462271	-122.310119
423	47.62276922	-122.3048602
628	47.59833305	-122.3252334
731	47.56151352	-122.37245800000001
777	47.54578901	-122.31025009999999
787	47.53514803	-122.394552
887	47.50320537	-122.3362456
950	47.46659968	-122.2925713
1052	47.40650574	-122.2245534
904	47.48787171	-122.2931072
954	47.46695811	-122.2594949
1004	47.43844979	-122.3304196
1014	47.42697154	-122.28214879999999
1186	47.312077	-122.2097055
1218	47.34247297	-122.22733500000001
1040	47.40439667	-122.30133130000002
1436	47.5356706	-122.05314170000001
1493	47.57736232	-122.2334132
1207	47.33370831	-122.170956
1289	47.42674518	-122.159973
1363	47.47672142	-122.1460577
1338	47.45943991	-122.1775919
1407	47.50576944	-122.1914335
1500	47.59310147	-122.20558600000001
1424	47.54455683	-122.17293490000002
1531	47.61019326	-122.1613882
1574	47.62475038	-122.09344499999999
1650	47.67227706	-122.1091088
1706	47.69837971	-122.1275229
1782	47.7447148	-122.13848270000001
1917	47.68253107	-121.97225259999999
578	47.60582327	-122.32650990000002
1786	47.74179486	-122.10756770000002
1979	47.53347519	-121.92834309999999
2027	47.34764119	-122.0703956
376	47.63808765	-122.30468049999999
483	47.61262807	-122.34029140000001
635	47.59471383	-122.3241215
785	47.53642366	-122.38472390000001
917	47.48685097	-122.23507749999999
1010	47.42536724	-122.2970868
1178	47.30529954	-122.228935
1203	47.32616911	-122.18169170000002
1451	47.55209557	-122.10657959999999
2019	47.34130315	-121.91500979999999
183	47.68122025	-122.3092685
451	47.61508462	-122.3523841
517	47.61197508	-122.33166090000002
549	47.61867303	-122.3245726
733	47.55926158	-122.37884790000001
1085	47.33512603	-122.34335159999998
1317	47.43612608	-122.08782420000001
1860	47.75885138	-122.28923200000001
2012	47.37317135	-122.0412095
161	47.67773198	-122.37887079999999
84	47.69549032	-122.39681470000001
279	47.66657352	-122.31921840000001
310	47.65456949	-122.3247132
330	47.66021752	-122.3684068
302	47.65649897	-122.30721240000001
477	47.61807108	-122.3372226
584	47.60994118	-122.31870430000001
669	47.57834318	-122.3150688
696	47.56745503	-122.38906170000001
757	47.54600099	-122.3419895
807	47.53460461	-122.318105
1011	47.44150414	-122.2888267
898	47.49926806	-122.3190584
930	47.47806565	-122.2987953
971	47.45897997	-122.25075520000001
1159	47.26026648	-122.17705120000001
1236	47.38318779	-122.0930965
1309	47.44243792	-122.1916236
1379	47.50549238	-121.9222703
1511	47.58094016	-122.14805700000001
1604	47.63624896	-122.1979588
1629	47.65907567	-122.1401896
1316	47.43541697	-122.10765239999999
1323	47.43144008	-122.00525559999998
1405	47.48984671	-122.18925490000001
1480	47.53385504	-122.23367730000001
1491	47.57263477	-122.211054
1642	47.66406123	-122.16961809999998
1748	47.72895258	-122.1710713
1767	47.73989826	-122.20469840000001
1892	47.75018631	-122.0255003
1984	47.52142653	-121.8722477
1992	47.52720788	-121.76283529999999
2051	47.25744109	-122.0100003
1972	47.57370036	-122.0177925
1997	47.4505652	-121.70920579999999
3903	47.68541121	-122.03322
3791	47.50715257	-122.1836773
1440	47.53668175	-122.04184609999999
1516	47.59349379	-122.13842360000001
1566	47.61348459	-122.1364218
1598	47.64092885	-122.23003329999999
1665	47.67829693	-122.2066017
1951	47.576669	-121.961673
1745	47.72634762	-122.12022009999998
582	47.607851700000005	-122.32292949999999
99	47.69173639	-122.3043055
181	47.68070573	-122.31611299999999
383	47.63666615	-122.3274814
417	47.61842984	-122.2824307
490	47.61728332	-122.33427759999998
701	47.56788631	-122.359971
901	47.49215413	-122.3081886
933	47.48501069	-122.32017350000001
1001	47.44939597	-122.3662699
1721	47.70510079	-122.23169109999998
1737	47.72204541	-122.16101259999999
1935	47.63626301	-122.0644132
1798	47.75968642	-122.19278500000001
32	47.72145176	-122.3471896
144	47.68502915	-122.3788377
4	47.72539262	-122.34850530000001
123	47.68856872	-122.3202781
53	47.71018303	-122.29346129999999
154	47.67750491	-122.4014619
171	47.67796437	-122.3528888
203	47.67416263	-122.2683939
216	47.67460825	-122.30891480000001
411	47.62925294	-122.30457
303	47.65024313	-122.3097462
343	47.65114768	-122.3878
364	47.64491852	-122.31916880000001
653	47.58939273	-122.3358149
659	47.58018944	-122.30139380000001
747	47.54884255	-122.38583490000002
796	47.52647948	-122.36586940000001
836	47.51134247	-122.3863759
857	47.50191874	-122.264829
884	47.50656723	-122.32104509999999
840	47.50255779	-122.382346
870	47.51738539	-122.32711709999998
1134	47.294313700000004	-122.31031829999999
956	47.4828766	-122.24033179999999
998	47.45715072	-122.34503229999999
1145	47.27827177	-122.34990020000001
1202	47.33821713	-122.1953679
1225	47.36858370000001	-122.19993840000001
1302	47.42017969	-122.20228519999999
1148	47.26523331	-122.3298925
1197	47.32395437	-122.2089451
1459	47.55568015	-122.1746818
1154	47.27293832	-122.27271100000002
1216	47.34693529999999	-122.2171513
1602	47.63750402	-122.20564170000002
3900	47.48041564	-122.2197777
356	47.64466238	-122.3526101
440	47.62366353	-122.35593850000001
465	47.61757321	-122.3427865
508	47.60719787	-122.3406355
692	47.57389903	-122.40906729999999
719	47.55531374	-122.272323
1303	47.40986069	-122.2125196
1644	47.66358952	-122.1481024
1760	47.75586957	-122.24553259999999
14	47.72237871	-122.3088717
91	47.69338758	-122.35303359999999
38	47.71872927	-122.36708
130	47.68480228	-122.3416007
157	47.67770091	-122.39025159999998
175	47.68097803	-122.32458840000001
104	47.69371048	-122.27180209999999
205	47.67042787	-122.27505259999998
225	47.67045393	-122.32688950000001
445	47.61486546	-122.3556159
404	47.63133543	-122.3404463
436	47.62323289	-122.34605459999999
513	47.60933783	-122.3351169
466	47.61814981	-122.34155990000002
603	47.60308383	-122.31533490000001
655	47.58046876	-122.33577930000001
672	47.57358122	-122.3367621
641	47.58898327	-122.28883529999999
741	47.55569504	-122.39433030000001
861	47.51512587	-122.35711570000001
993	47.4614495	-122.33642890000002
1043	47.40358277	-122.28885179999999
1070	47.36337606	-122.3101592
923	47.48406674	-122.2773869
1065	47.39094379	-122.3199428
1073	47.36495479999999	-122.2779189
1275	47.39527249	-122.1388043
1325	47.44691452	-122.0587665
1350	47.47412781	-122.21271609999998
1146	47.27290435	-122.33672849999999
1552	47.61897312	-122.1932132
1271	47.39764119	-122.1709307
1291	47.41214532	-122.17231310000001
1593	47.62833921	-122.21243510000001
1618	47.63341305	-122.11780359999999
1333	47.45835786	-122.162351
1383	47.49113137	-122.0896189
1556	47.6135101	-122.1859996
1851	47.75111429	-122.33235970000001
1688	47.68208848	-122.1799281
1879	47.74341608	-122.34964029999999
1929	47.67150503	-122.09173190000001
3794	47.57732165	-122.22752050000001
177	47.67760528	-122.32248670000001
2	47.72758485	-122.35797600000001
132	47.68511589	-122.34658459999999
88	47.69204953	-122.36820690000002
187	47.68122727	-122.298276
238	47.67050369	-122.3684656
332	47.66431072	-122.4020875
398	47.62621819	-122.35976370000002
387	47.63593999	-122.3595097
537	47.60428799	-122.33208540000001
646	47.58798938	-122.3041824
548	47.6160275	-122.327621
636	47.59403601	-122.3112335
643	47.58591145	-122.2955874
745	47.54302918	-122.39220230000001
673	47.57558949	-122.34126979999999
756	47.54490812	-122.3520717
972	47.44885997	-122.24978109999999
1211	47.35374712	-122.14437350000001
1243	47.38406443	-122.1836855
1104	47.31921051	-122.3088346
1261	47.38953684	-122.23635619999999
1320	47.42990562	-122.05195659999998
1384	47.49222161	-122.11526270000002
1139	47.29857161	-122.3329632
1349	47.47055579	-122.21095770000001
1382	47.49377144	-122.07167959999998
1573	47.61714943	-122.1044561
1655	47.67429296	-122.1210656
1674	47.67660554	-122.1264152
1948	47.60585014	-121.9072765
1856	47.76149336	-122.3067987
1893	47.75882578	-121.9911587
1985	47.53070829	-121.8445395
1686	47.68442858	-122.16706699999999
1779	47.74093103	-122.15548500000001
1811	47.76119605	-122.2468064
1897	47.73660289	-121.9754572
1954	47.59253517	-122.00514879999999
2002	47.39689829	-121.99603870000001
433	47.62027563	-122.3363946
533	47.60249048	-122.3363679
660	47.58120917	-122.2987023
760	47.55069844	-122.3317925
783	47.53642957	-122.3734528
919	47.48455973	-122.25722009999998
967	47.46250746	-122.228183
1201	47.32682685	-122.1933777
1301	47.41224661	-122.20225049999999
1528	47.60627773	-122.1501557
1728	47.72181416	-122.21476580000001
1921	47.66268301	-121.94526470000001
3856	47.77451567	-122.3418896
